T = [0.1, 0.1, 0.3, 0.3; 
    0.4, 0.1, 0.3, 0.3;0.25, 0.5, 0.1, 0.3; 0.25, 0.3, 0.3, 0.1];

X0 = [1/4;1/4;1/4;1/4];

p_c = T^5 * X0;

plim = T^10000 * X0;
p = plim * 360;

X1 = [0;1;0;0];
p4 = T^4 * X1;
p_e = 1/4 * 0.4 * p4(2,1) * 0.1