%a)
P = [1/3 1/4 0; 1/3 (1-1/4-1/5) 1/2; 1/3 1/5 1/2];

%b)
X0 = [1/2;1/4;1/4];

%c)
p = P^30 * X0;
n_a = p(1,1)*90;
n_b = p(2,1)*90;
n_c = p(3,1)*90;

%d)
X0 = [1/3;1/3;1/3];

p = P^30 * X0;
n_a = p(1,1)*90;
n_b = p(2,1)*90;
n_c = p(3,1)*90;