%a)
s = [9,1,3,3,5,9,0];
T = [0, 0, 0, 0, 0, 0, 0;
    0.5, 0, 0, 0, 0, 0, 0;
    0.5, 0, 0, 0, 0, 0, 0;
    0, 1/3, 0, 0.2, 0.1, 0, 0;
    0,1/3, 0.6, 0.5, 0.4, 0.3, 0;
    0, 1/3, 0.4, 0, 0.3, 0.3, 0;
    0, 0, 0, 0.3, 0.2, 0.4, 0];

%b)
X = [0;1;0;0;0;0;0];
v1 = T^5*X;
prob_b = 0.5 * v1(6,1) * 0.4;

%c)
v = T^6*X;
prob_c = 0.5 * v(7,1);